1067 0 150 113 41 177 0 32 62898 1460 1113 122 78 98 0 115
12456 5616 13636 12356 9618 13400 9473 12755 18371 10394 15188 10647 13801 14987 9615 14703
65511 65438 65420 65463 65535 65431 65522 65498 65526 65527 65509 65524 65503 65515 65519 65535
65535 61530 63001 49806 51219 38528 32114 32812 24646 19884 23575 29223 19792 23918 26848 19473
65502 65502 65535 65503 65503 65535 65527 65509 65535 65521 65515 65511 65523 65503 65535 65520
65092 65156 65184 65174 65201 64799 64881 65097 64958 64976 65003 65513 65014 65020 64758 64830
65496 65482 65499 65507 65512 65504 65486 65511 65494 65520 65511 65494 65494 65509 65497 65495
65517 65515 65511 65501 65516 65501 65507 65514 65513 65515 65510 65526 65518 65503 65508 65515
64913 52741 43054 31982 33353 39145 27925 30129 30712 23843 27019 18340 15802 20311 17564 23792
34756 27219 17438 24464 20024 22591 17804 22050 24208 21358 28517 23144 14572 11628 17830 21960
812 0 66 46 124 86 14 48 61664 515 703 79 113 0 61 40
14021 10573 17114 11945 17372 13396 13118 17848 18696 18347 16268 14055 19372 15844 19327 17748
65496 65511 65512 65535 65520 65499 65523 65503 65524 65535 65510 65520 65535 65519 65535 65524
65535 61484 46209 44710 36408 30884 22631 18211 16523 13910 18293 16308 14652 10979 7628 14706
65524 65486 65520 65457 65497 65508 65515 65519 65535 65535 65495 65535 65467 65499 65520 65523
64536 64516 64479 64457 64583 64532 64504 64486 64747 64579 64570 65353 64534 64505 64496 64406
65500 65471 65495 65489 65492 65492 65513 65504 65511 65488 65503 65494 65501 65494 65500 65497
65499 65518 65509 65504 65520 65494 65510 65514 65502 65515 65519 65513 65516 65512 65511 65495
64872 52960 41258 29105 19573 25520 30990 21915 24939 17211 25654 30357 25759 29180 19176 27561
38630 31336 37422 42486 35692 39143 28016 29557 34448 28883 20773 14840 10036 14280 12957 8152
288 17 0 20 0 34 79 4 64779 313 245 132 12 11 72 2553
302 140 151 364 165 150 128 0 275 264 63536 2026 0 107 152 130
65364 65118 65124 65094 65125 65119 65168 65105 65105 65240 65095 65106 65107 65127 65103 65160
65535 61352 46382 39705 42830 34455 29079 19987 23069 15561 22530 18366 16005 19567 25884 28742
65443 65459 65422 65391 65372 65403 65429 65456 65420 65436 65391 65455 65446 65489 65462 65478
64747 64715 64720 64672 64772 64649 64619 64698 64663 64680 64676 65424 64666 64688 64660 64696
65512 65487 65495 65484 65483 65499 65492 65515 65499 65488 65497 65496 65494 65495 65512 65505
65495 65523 65503 65501 65503 65505 65495 65512 65515 65520 65526 65518 65503 65509 65509 65503
64903 52787 42839 33742 37080 26505 21469 27760 30922 22251 19471 26007 27840 30527 24783 17930
29380 35451 40507 33792 36240 35569 39790 42203 41072 30196 30432 25400 31784 34395 29129 19451
0 0 0 0 24 22 0 0 26564 39245 32 32 0 4 0 0
10967 7954 6991 8722 8654 1709 4743 1372 9680 24036 19639 15373 8720 10100 7110 3857
65499 65214 65177 65195 65156 65183 65194 65182 65127 64817 64859 64855 64892 65056 65084 64903
65535 61334 46529 39099 28542 23175 15238 23887 27033 18549 15404 23005 15448 22741 16688 12298
65496 64670 64682 64679 64657 64662 64692 64664 64657 64670 64647 64697 64660 64665 64670 64671
63834 63836 63936 63960 63889 63868 63871 63863 64024 64412 63945 64839 63946 63967 63879 63846
65483 65512 65506 65479 65495 65500 65493 65492 65503 65520 65512 65502 65488 65495 65497 65496
65515 65512 65504 65511 65516 65504 65510 65495 65528 65524 65511 65503 65493 65495 65514 65511
64918 52729 43076 31897 33756 36966 27247 34298 29555 34402 29037 19905 23267 30670 24090 25644
36936 27390 33628 37694 40922 30913 22326 19163 27702 31960 33460 38717 30887 22449 18467 15154
19 0 217 0 0 39 2 0 17362 42999 6758 28 0 0 0 26
5095 0 746 11144 4061 2905 0 0 174 2048 54178 1583 192 287 0 1570
61747 60624 60639 60795 60975 60853 61001 61375 61183 61739 61342 61220 61596 61490 61476 64376
65535 61079 47748 49547 52491 44428 37713 41071 30465 25417 31836 34120 34574 28343 24200 21435
65502 65529 65495 65511 65535 65511 65500 65503 65515 65502 65518 65491 65515 65498 65503 65495
64180 64175 64177 64248 64212 64219 64171 64233 64312 64635 64036 64785 64086 63896 63736 63776
65504 65502 65505 65513 65493 65496 65485 65506 65496 65495 65484 65504 65494 65498 65496 65503
65514 65524 65530 65510 65524 65502 65520 65500 65512 65509 65515 65514 65516 65519 65528 65509
64993 52330 49230 36245 35548 39785 42159 41264 29061 19771 23914 26679 20679 15237 23787 27319
39858 41224 29257 36064 36487 30399 25601 30661 24186 21467 27812 30747 23105 14800 10229 10260
13 28 223 2270 6 0 4 0 16266 38759 10224 0 44 27 0 29
9758 7692 10345 42479 20382 13089 12323 14222 12788 18013 20743 13164 13369 12341 11798 10793
61276 60567 60823 60889 60623 60113 60655 60486 60320 60272 60278 59652 59596 59560 59418 64137
65535 60992 48095 47157 35017 25543 31087 21576 27548 32780 24775 18089 21115 13889 18440 15544
65212 63268 63285 63463 63107 62916 62928 62731 62760 62673 62559 62696 63145 62720 62709 62772
63863 63755 63654 63686 63655 63736 63636 63708 63775 64156 63457 64646 63417 63132 63137 63204
65497 65508 65492 65516 65512 65514 65492 65490 65497 65499 65494 65481 65496 65496 65520 65486
65515 65503 65515 65513 65513 65514 65501 65528 65524 65510 65521 65509 65505 65515 65513 65512
65012 52259 49616 52056 50751 41249 29150 19376 26593 21015 13697 19143 11695 17499 24130 25477
37631 41239 29239 19043 12051 15797 20430 16904 11149 20820 14628 10908 7120 17554 23920 26722
16 0 478 2083 357 24 0 0 16092 39489 9133 280 40 23 7 10
3912 720 520 847 643 581 794 725 733 777 26955 1091 37607 1303 667 503
60555 59086 59209 59096 59884 59179 59400 59627 59528 59697 59440 59176 59300 58951 59028 63422
65535 62047 59622 60907 49769 51215 38355 32881 24369 20818 14892 10027 14977 9800 15628 22233
62852 60391 60278 60348 60267 60390 60532 60168 61412 60119 59936 59888 60572 60079 59623 59636
62183 62103 62391 61764 61626 61468 61448 61343 61419 61963 61124 64292 60423 60587 60105 59848
65461 65496 65521 65512 65497 65505 65514 65492 65494 65513 65511 65510 65493 65502 65500 65508
65518 65514 65511 65525 65527 65518 65514 65519 65510 65519 65528 65509 65505 65512 65524 65495
65022 51495 54481 46263 44286 42342 36399 30836 22671 17434 24441 20072 22316 19160 27648 32120
38692 31008 21683 26799 19524 25814 28994 20081 22356 19031 12144 12039 15873 20044 22539 18051
41 34 121 1906 1157 299 1703 37 14998 39006 10050 1423 47 427 565 65
9288 639 462 566 367 436 397 375 466 14124 17566 539 32597 7400 481 431
59428 58257 58419 57958 58196 57793 57594 57183 57425 57532 57183 57081 57131 57034 57083 61766
65239 50664 41829 44047 43876 44599 37080 26718 19953 23107 15570 22555 18614 15149 24272 21144
62233 57927 57735 58080 58185 58217 58183 58571 58513 58411 58353 58271 58458 58048 58718 57740
55161 54532 54534 54128 54152 54222 54068 54037 54801 55214 54088 61659 55184 54311 54343 54351
65495 65494 65500 65493 65488 65493 65483 65505 65497 65515 65499 65503 65487 65496 65492 65479
65515 65501 65495 65532 65528 65505 65511 65514 65520 65522 65505 65508 65528 65522 65521 65510
65060 51337 37462 42174 41156 29591 34189 34013 35044 24978 16919 11147 20784 14754 10429 9426
26472 21646 26970 18555 14782 10308 9953 14641 10876 7238 17043 10610 8230 8848 6299 7221
110 94 686 133 253 2115 3935 64 12718 36016 11087 1320 236 440 1492 1793
7763 769 642 10218 3622 737 751 794 742 2395 3867 725 40075 946 14471 768
55353 54489 54839 54345 54919 53913 54275 53750 55717 55164 54161 54097 54414 53399 54424 57636
62353 58023 56292 53012 41054 30507 25114 16988 11152 20851 14805 10586 8519 8308 8881 6620
58223 54164 54267 54660 56231 54164 53520 55305 53915 53540 53438 53455 53723 53320 54000 53486
53733 53240 53259 53188 53391 53182 53435 53216 53966 54068 53145 61545 53614 53105 53092 53094
65499 65492 65496 65505 65520 65513 65472 65514 65503 65495 65489 65468 65518 65496 65494 65505
65516 65516 65513 65508 65518 65515 65520 65511 65528 65505 65516 65512 65526 65518 65524 65512
65038 51438 54754 44725 36040 36699 29197 19128 11711 17434 24428 20302 17611 23570 29046 19883
31253 20584 16228 14773 10361 9615 16287 14518 11878 16606 13039 7904 13289 21841 25343 32103
975 66 552 918 105 2548 923 320 13094 35079 9883 3168 940 291 1536 2304
2295 502 2956 1028 1350 781 1312 731 504 4518 7727 536 28708 1015 26902 480
50135 49551 49828 49577 49904 49447 49587 49473 52985 50190 49304 49342 50456 49268 51966 53672
59552 61175 47422 51241 38310 33054 23571 29257 35993 37039 27166 18382 15944 19776 23982 26453
57691 53020 53099 52678 54121 52456 52294 53809 52830 52840 52686 52996 53225 52828 53279 52782
51947 50638 50612 50505 50756 50936 51227 50519 51622 51387 50349 58206 51475 50547 50340 50122
65484 65475 65500 65494 65500 65512 65496 65495 65495 65506 65505 65488 65504 65503 65512 65520
65511 65523 65515 65515 65500 65511 65508 65509 65526 65512 65514 65499 65514 65524 65514 65506
65076 51256 37848 39410 44212 42760 34102 34478 28713 22152 23648 28624 22586 17770 22222 19613
32900 24130 25536 30999 21952 24658 19112 11767 17227 25652 30429 25400 31792 34370 29301 35852
146 115 1680 1504 631 2369 2064 1578 12524 29887 9828 3536 1028 1118 6693 2741
2599 349 1601 2915 846 1176 334 501 478 4855 1630 6983 23039 4418 28603 383
46615 45931 46173 45891 46228 45805 46939 46521 50495 46757 46272 46271 48196 45909 48678 50099
57063 44361 38024 38667 31417 37060 26872 19387 26747 19845 23770 27452 33383 39113 28454 23832
55575 50562 50520 50336 51668 50758 49891 53504 49983 49729 50136 50400 50547 50222 50060 49880
47477 45838 45924 45871 46288 46256 47262 46522 47415 46693 45778 53129 47640 47320 45863 45831
65476 65491 65489 65500 65497 65512 65499 65511 65507 65493 65496 65500 65512 65503 65485 65501
65503 65511 65515 65503 65505 65508 65512 65512 65511 65515 65512 65510 65520 65521 65497 65504
65049 51356 37320 42880 32867 24304 20910 14239 13161 22404 18767 13341 21544 27395 33526 38324
39256 27353 33796 36203 35775 38748 30701 23988 26251 22900 15841 20191 18170 16626 12954 8192
474 168 3282 2353 1207 2185 3145 1489 12427 30050 9336 5330 1264 2969 3572 2566
3638 714 2060 1061 1244 2019 870 9624 1008 4118 2101 5649 19259 6404 27440 1011
44948 43849 44031 43807 44156 43825 45018 44753 48299 44134 43847 44320 45736 43755 46708 48623
56024 54452 46416 39547 43638 46586 38864 29574 34437 29163 20129 22605 18363 16001 19608 25665
52378 47283 47830 47892 49686 48695 47748 49612 48638 47433 47883 48385 47702 47115 48161 47504
44156 42231 43199 42674 42204 43788 42899 43033 42871 42154 41468 47975 43151 43224 41310 41227
65511 65494 65505 65503 65477 65492 65504 65504 65495 65490 65495 65499 65478 65496 65499 65499
65518 65521 65495 65512 65514 65503 65499 65502 65518 65514 65509 65518 65499 65503 65528 65523
65070 51281 37800 40285 38832 29640 33894 35665 39254 27437 33331 39303 27202 17507 24096 25637
37028 26968 18555 14803 10234 10236 10248 10187 10455 9324 18295 16079 18968 12326 11331 19974
1081 361 3965 2089 1268 5991 3136 2700 10631 27268 8440 4472 2349 3466 4627 2508
3166 1272 4958 2198 1845 2367 1727 9576 2318 4215 2746 6907 15635 9952 23785 7394
41583 40588 40839 40881 42016 41163 42524 43135 46028 41774 41136 41616 43430 41487 44052 45214
53637 55541 57748 58342 54712 45038 34074 34806 26437 22215 19752 24084 25953 28441 23798 27366
49392 42470 43124 43024 45664 43982 43562 46319 44600 44377 44768 45711 44723 44537 46258 45674
39915 38136 39464 39897 38583 41362 40152 39318 40101 39240 38555 44791 40049 40863 38310 38438
65511 65502 65499 65502 65510 65512 65500 65486 65505 65498 65500 65520 65508 65477 65512 65510
65528 65510 65522 65523 65514 65507 65510 65514 65506 65525 65519 65509 65520 65509 65492 65504
65046 51440 54715 44945 34306 29558 34367 29258 35980 36991 27096 17946 21225 29071 19729 24128
33031 23392 30095 30955 22106 23911 26793 19539 25749 29334 35690 39178 27807 30792 22888 15878
1198 453 4246 2285 1667 5954 1544 2845 8765 24454 8712 7157 3493 5880 2552 6248
2402 383 3607 820 672 2709 2844 1729 2697 4469 4068 7458 14815 8688 20107 10312
40560 39560 39781 40117 40159 39687 41481 40832 45054 40191 39918 40339 42284 40724 43812 44554
53193 40176 39583 43288 31372 37259 26491 21829 25528 31092 21667 27225 34387 29239 19846 23799
48171 41147 41511 41729 43935 42698 41927 43465 42710 41617 42014 42713 41194 40622 41272 41718
38172 36473 37302 38143 36662 40033 38627 38111 38801 37359 36678 43131 38491 39445 36568 36783
65471 65495 65496 65503 65510 65505 65503 65505 65501 65496 65493 65514 65489 65496 65483 65497
65510 65518 65509 65520 65512 65528 65503 65511 65516 65515 65512 65505 65518 65517 65512 65511
65066 51306 37586 41417 45884 46330 43870 44632 36488 30370 25668 30262 26218 22996 15307 23431
36607 29673 33842 36006 36916 27554 32660 25958 28271 24508 19798 23872 26956 18775 13330 21670
1636 873 4965 3674 2440 6523 2858 2617 9867 22964 8314 7574 3874 5947 4291 4277
3040 831 4078 1686 1381 1134 3443 3744 3507 7209 7621 8618 12006 7355 18455 8490
38980 37702 37807 37352 39422 38261 39483 37872 41526 37595 36890 37144 39679 37527 40641 41556
51160 38488 32263 28094 29427 35326 41130 30103 31094 21669 27161 18294 16327 14612 12230 11992
46479 38201 39263 39307 41000 39184 38166 42462 40247 38725 39076 40345 39194 38920 39127 40204
36944 34552 35679 36190 35146 38122 36102 34777 36457 34780 34236 40068 35177 37319 33931 34032
65496 65494 65492 65494 65495 65489 65492 65502 65500 65500 65504 65523 65498 65507 65515 65508
65510 65503 65512 65502 65516 65523 65520 65497 65505 65515 65514 65512 65495 65513 65505 65521
65108 51088 38880 29379 35382 40807 32179 32236 31920 33629 37640 41110 29846 32278 27960 29914
38312 33036 23366 30250 26325 22542 18040 20803 14684 10670 8033 12743 9077 5846 12032 15894
2579 856 3765 4148 3076 6876 2896 3392 9264 21573 8207 7931 3777 5935 4831 4943
3391 625 6084 2735 2189 3033 1795 1685 3265 6826 7093 8138 14832 7194 16220 8761
35812 34803 35705 35927 36928 35943 37284 36240 38561 35647 35592 35457 37392 35147 38842 38827
49217 36567 30106 31065 21744 25865 28825 21109 13963 18161 16776 12104 12384 11273 20382 17523
43035 35655 36012 35531 38688 36241 35515 38782 37295 35840 37065 37318 36023 35692 37558 37176
33144 30820 32421 33286 31227 33952 32793 33606 33185 31412 30983 36815 31913 33459 30266 30069
65480 65515 65492 65495 65484 65488 65499 65495 65502 65477 65494 65500 65498 65492 65499 65494
65497 65502 65519 65509 65504 65524 65513 65509 65520 65512 65514 65503 65512 65512 65518 65515
65109 51105 38769 30580 24537 19652 25107 16352 14213 13312 21685 26713 19854 23531 29224 19015
21846 25335 32171 32325 27764 31005 21726 25902 28560 22947 15476 22588 17800 22082 24039 26007
1596 844 3881 4601 3907 6182 2147 3196 9051 19643 7907 6714 4127 7621 7235 5027
7234 739 4561 2387 1284 2347 2984 2345 4867 8886 5704 6253 14209 6918 14225 10182
32912 32142 33184 32880 35422 33951 35014 34961 38316 34491 33582 33695 35685 33948 37272 36843
47728 49623 52164 50392 43110 31832 34132 34528 28465 23751 27608 32659 26699 21288 28830 21117
39839 33098 34098 34250 35654 35029 33640 37075 35774 33703 35167 35833 34068 34139 35963 35591
30369 28190 30323 30801 29119 31905 33043 31835 31303 30203 29300 35174 30419 32023 28741 28660
65500 65497 65499 65502 65495 65505 65489 65500 65515 65493 65499 65512 65501 65512 65479 65491
65511 65524 65503 65499 65501 65526 65518 65512 65526 65518 65495 65520 65509 65503 65530 65520
65088 51173 38301 33058 23222 30924 22234 19538 25696 30103 30872 22436 18496 15050 9209 18741
22962 15420 22830 16153 15120 8919 6177 7732 14175 13454 20959 13910 18081 20656 15911 19744
2681 877 4894 6758 4305 5876 3295 3000 8144 16460 6232 6263 5614 8244 7169 5226
6523 684 2631 4116 2153 2919 3689 1468 4119 8068 5926 8885 13963 5187 11937 10440
32488 31569 31878 31285 33148 32795 33059 32695 35376 32217 31414 31995 33748 31690 35649 35184
46680 38106 38118 38091 38218 37819 39558 43639 46629 38433 32579 26624 21472 27878 30539 25055
37012 29566 30324 31964 31358 30791 30996 34836 31921 30175 32064 32172 30079 30500 32279 32046
28631 26185 28548 28564 27279 30379 30555 29990 28123 27228 26796 32390 27551 29137 26062 26064
65491 65494 65512 65502 65491 65479 65514 65489 65491 65492 65501 65478 65512 65499 65488 65480
65491 65491 65504 65505 65510 65508 65513 65511 65526 65529 65520 65503 65512 65517 65526 65495
65116 51049 39050 28569 22851 16057 18995 12288 11463 19188 27566 32541 26512 21461 27798 30786
30923 22272 19432 26256 22847 16080 18946 12467 10655 8088 9387 17879 21753 25784 29095 19704
3415 766 4507 6404 4056 5527 4560 2643 8334 14892 6463 5812 5125 8106 7483 5180
5664 680 4239 4647 1381 3710 2323 2242 6022 7016 7440 10326 13959 6005 10121 10557
30172 28392 30280 29878 31619 30517 31454 30016 33592 29779 29321 29824 31579 29743 33553 33127
45287 33108 23368 30344 25902 28676 22888 16144 15247 23855 27180 18327 16234 14890 10122 10888
35023 27847 28567 30333 30860 29255 28926 33111 30283 28775 30484 30623 28602 28773 30375 30155
27575 25057 27700 28352 25911 29841 29583 29001 27671 26401 26243 31836 26938 28528 25328 25347
65503 65495 65505 65486 65489 65505 65489 65495 65495 65480 65508 65512 65500 65514 65498 65503
65511 65495 65506 65504 65515 65509 65507 65528 65510 65516 65512 65510 65525 65514 65511 65512
65077 51278 37791 40374 34460 28754 21375 28368 23930 26610 20983 13854 18438 15312 23409 29956
38139 37873 39369 44502 37351 42833 33819 36076 36432 30716 23894 26856 19232 27383 33683 37439
3422 816 5658 7280 4105 6494 2848 2912 8507 15428 7126 5180 5099 8282 7410 4824
6510 848 4462 4266 3311 3655 1431 2932 5165 5231 5467 9277 14838 7097 11019 10185
29868 28708 30319 29020 32115 30164 31183 30842 33301 29415 29184 29750 31579 30036 33555 33217
45308 32998 23995 26416 22276 19479 26201 23108 15454 22769 16555 13975 18076 21090 14035 18062
35808 28631 29261 31127 32147 29736 29440 33707 30899 29534 30810 31324 29184 29619 31408 31166
27840 25521 28199 28473 26367 30462 29663 29675 27958 26740 26415 32046 27173 28688 25691 25716
65494 65487 65495 65476 65495 65514 65504 65487 65508 65489 65489 65492 65495 65500 65493 65504
65522 65511 65521 65499 65512 65524 65507 65515 65516 65514 65509 65522 65511 65535 65524 65518
65119 51045 39083 28261 24494 19859 23515 29294 35816 37824 39516 43669 46324 43926 44369 37992
43979 44128 43205 31186 20881 14350 12721 9164 19031 12175 11943 16308 14440 12222 11721 17417
4460 807 5162 8007 4264 5847 2532 2674 7868 15036 6967 5392 3644 8652 7113 5439
4856 736 4035 3973 2968 2818 2490 2946 4338 4713 6092 8979 15435 7859 12437 10462
30276 29399 30771 29732 32351 31073 31617 31784 34110 30282 30139 30564 32475 30510 34360 34180
45990 45808 47696 49850 50939 39644 42951 32617 26447 22192 19841 23756 27562 32759 26116 27697
36428 29209 29866 31480 32686 30215 30024 34419 31567 30151 31311 31836 29904 30264 32176 31846
28462 25984 28409 29335 26768 30856 30303 29909 28316 27383 26996 32787 27576 29006 26212 26249
65489 65494 65487 65526 65494 65491 65495 65507 65500 65494 65492 65504 65500 65492 65512 65470
65524 65521 65503 65505 65509 65512 65510 65499 65513 65520 65518 65519 65512 65503 65512 65512
65121 51028 39200 27604 32392 27329 33904 35601 39563 43462 47502 50835 40841 31279 37688 40859
37747 40678 32849 24425 20355 17389 24886 17494 24242 21219 29216 19073 11925 16413 13875 18392
4405 829 4490 7912 4204 5838 2624 2280 7886 15989 6770 5607 3736 7981 7332 5550
5045 869 3769 4176 2648 2319 1736 2550 3665 5737 6135 9228 15616 8111 13274 10958
30622 29807 31305 30312 32860 31563 31968 32083 34524 30628 30356 30881 32933 30873 34976 34572
46220 44587 37084 26740 19894 23603 29300 35837 37776 40852 31316 37564 41576 45297 33033 23616
36720 30257 30903 32299 33937 31392 31052 35201 32604 31169 32123 32803 30874 31263 33160 32643
29174 26761 29136 30077 27403 31339 30797 31115 28987 28396 27809 33388 28412 29776 27076 27062
65489 65484 65479 65493 65495 65479 65499 65486 65512 65500 65515 65508 65495 65509 65496 65476
65514 65524 65515 65504 65502 65513 65515 65505 65518 65526 65511 65512 65508 65490 65528 65525
65137 50961 39530 43596 46795 37473 42110 41480 45582 48639 40032 40241 39079 28286 24344 20690
24417 20408 16992 10808 7553 15508 22439 18531 14895 9780 15540 22215 19732 24199 21433 27992
4446 711 4773 7805 4099 5824 2552 2443 7940 15995 7255 5500 3735 7832 6138 5418
5309 902 4215 4344 2941 2559 1747 2604 3741 5328 5493 8424 16432 8436 13832 10513
31211 30497 31203 30956 33355 32262 32799 32875 35408 31355 30868 31660 33551 31310 35201 34845
46415 39572 43559 47129 35141 24798 17999 21230 29174 20039 22844 16336 14584 12214 11963 16503
37725 31375 32039 32961 35100 32648 31984 36409 33593 32288 33204 33271 32018 32415 34347 33724
29761 27253 29239 30711 27806 31803 31182 31448 29441 28661 28240 33815 28972 30204 27526 27518
65508 65500 65500 65506 65463 65504 65492 65507 65508 65476 65497 65495 65494 65495 65488 65478
65515 65513 65508 65503 65520 65514 65508 65523 65515 65515 65532 65520 65515 65511 65524 65489
65094 51151 38591 31494 36608 29621 34059 34723 27317 33951 35371 40863 31229 20656 15894 19920
31219 20705 15156 24245 21214 29217 19077 11928 16333 14326 12849 8705 6740 5819 12140 12073
3348 690 3980 7142 4062 5810 2844 2113 7361 17344 6985 5695 3867 7146 6596 5412
5520 887 4457 4661 3043 2739 1600 2475 4434 5909 4902 7969 16188 8886 14244 9668
31519 30860 31393 31263 33729 32436 33528 33335 35527 31546 31088 31823 33791 31785 35464 35620
46983 35918 37416 42448 35897 37461 42255 41222 29899 32190 32595 26479 21839 25517 31198 21472
38073 31840 32489 33336 35511 33364 32485 37360 33726 32748 33446 33711 32401 32720 34552 33931
30615 28132 29979 31244 28594 32742 31228 32312 30318 29560 28969 34823 29935 30787 28223 28288
65497 65504 65479 65505 65502 65518 65502 65489 65496 65503 65508 65499 65496 65519 65499 65491
65518 65508 65499 65493 65509 65513 65505 65519 65495 65512 65520 65493 65528 65516 65515 65493
65102 51132 38622 31331 37415 42448 35843 37676 40968 30649 24164 25307 32218 32010 33193 22567
26764 19661 25175 16066 19013 12210 11804 17043 10613 8263 8730 6689 5891 11856 16808 11656
3310 740 3615 7896 4272 5533 2916 2077 7116 18076 7340 5978 4108 7531 6896 5378
6002 896 4160 3852 2831 2681 1500 2673 4404 6328 5776 7063 15084 9370 15045 10037
32625 31889 32451 32411 34599 33193 34795 33503 36929 32888 32628 32932 35039 32926 36427 37014
47920 47943 47846 49354 36361 31055 21774 25730 29388 35431 40720 33111 23452 29703 34012 35265
39359 33215 33694 34567 36846 34949 33855 38520 35067 33768 34561 34820 33892 34133 35671 35454
31009 28496 29900 31727 29007 33419 31875 32862 30630 29951 29269 34505 30295 31496 28780 28831
65495 65497 65523 65495 65500 65484 65492 65496 65499 65516 65503 65507 65512 65494 65508 65502
65511 65526 65519 65508 65526 65512 65524 65515 65494 65511 65514 65513 65499 65511 65512 65511
65113 51057 39024 28686 22303 19246 27238 34323 29507 34616 27866 30391 25604 30574 24549 19655
32754 25522 31076 21391 28376 23936 26644 20869 14417 12341 11264 20257 17866 21796 25592 30699
2459 646 3574 5463 3988 5258 3143 1858 7352 18970 7645 6391 4521 7868 6889 4999
6004 904 4203 3276 3177 2998 1562 2515 3500 6860 5528 7584 15411 8715 15236 11455
34244 33633 34303 34292 35887 35615 35562 34843 39150 35178 34708 35468 37830 35598 39066 39916
49977 49372 36168 36159 36234 36124 36243 36171 36120 36314 31296 37620 41393 46083 45425 49465
41268 35047 35639 36420 38401 36824 35780 40790 36849 35395 35987 36449 35391 35751 36529 36092
31800 29255 30632 32725 29983 34139 31934 33580 31649 30592 29989 35056 30576 31371 29260 29296
65515 65514 65492 65516 65491 65498 65497 65512 65511 65497 65505 65487 65512 65495 65480 65485
65509 65518 65518 65505 65501 65505 65503 65509 65509 65511 65502 65515 65499 65515 65508 65518
65127 51045 39098 28168 28760 21319 28645 22507 18184 16549 13284 21807 25500 31107 21265 28892
29115 19508 25915 28470 23536 29257 36070 36466 30564 24647 19174 27696 31954 33556 38063 38427
1941 619 5463 5760 2588 4966 2326 1719 7495 19416 7717 6412 4941 7565 6996 3496
6160 691 4051 2420 3995 3247 1334 1168 3345 6584 5214 5704 14284 9564 16246 11436
35663 35035 35530 35247 36718 37097 36819 35918 39840 35743 35479 35825 38149 36238 38729 40150
50139 48742 39664 42895 32889 24386 20777 14950 9892 15158 24298 21000 14119 13814 18888 13160
42947 36638 37300 37940 39728 38661 37188 41411 38487 37048 37467 38110 37275 37392 38340 37815
32809 30335 31623 34164 30806 34867 33115 34711 32782 31857 30768 36568 31903 32607 30715 30769
65514 65503 65498 65500 65502 65513 65497 65479 65491 65503 65502 65499 65502 65502 65492 65478
65520 65501 65512 65519 65510 65502 65499 65511 65520 65512 65510 65519 65511 65520 65511 65504
65099 51120 38712 30844 22630 17620 23542 29179 19183 27570 32555 26450 21878 25149 16146 15136
32121 32563 26486 21606 27160 17664 22761 16472 13592 20280 17697 22646 17561 23856 27054 18200
2920 616 4684 4087 2612 7095 1880 1881 7656 19328 7993 7110 5103 6756 7471 3366
5873 764 4369 2044 3371 3089 1495 1200 3905 7650 3672 5337 13524 9903 17912 12168
37608 36906 37730 37476 39076 38032 37957 37796 41545 37319 37136 37573 39997 37831 40790 42245
51585 54027 52729 43255 31771 34428 29150 20078 22814 16448 13996 17895 21860 25438 31731 35687
43931 37824 38638 38908 41176 39287 38170 43469 39686 38312 38804 39398 38776 38675 39764 39256
35703 33063 34675 35785 33405 37447 35136 37535 35844 34661 33636 38912 34798 34929 33890 33927
65498 65499 65489 65502 65503 65486 65499 65513 65493 65495 65496 65486 65520 65510 65494 65495
65510 65489 65511 65508 65515 65513 65511 65494 65502 65505 65511 65518 65511 65505 65519 65505
65148 50833 40838 31308 37531 41810 43783 45733 47736 49490 52712 43172 31274 37682 40933 30865
30628 24313 20833 14573 11664 17701 22618 17658 22786 16376 13971 17825 21986 24526 19728 24199
896 301 3144 4582 2447 6264 1655 1969 8911 20936 8550 7629 4011 5392 6235 2854
4815 849 4602 2184 3534 2691 1579 3017 3263 8086 1931 5072 14921 8782 18251 13047
38651 37815 38889 38324 39344 39048 38919 38180 42417 37969 37647 38014 40364 38019 40753 42167
51528 54264 51400 37863 39407 44255 42913 32735 26240 22968 15706 20878 14688 10851 7747 14360
45041 38739 39503 39912 42430 40784 39900 43217 41061 39767 39939 40373 39737 39619 40635 39684
38868 36353 37386 38246 36452 40516 38110 37513 38126 37040 35731 41075 36913 37542 35928 35892
65500 65476 65492 65511 65499 65463 65477 65505 65496 65491 65499 65496 65503 65489 65495 65490
65517 65510 65493 65509 65529 65491 65505 65515 65512 65528 65511 65514 65503 65520 65511 65509
65123 51012 39274 27290 34051 34739 27292 34026 34991 25406 31712 35342 41016 30389 25594 30621
32096 32682 25870 28685 22352 19039 12079 15689 20927 14038 17504 24158 25395 31859 34054 34773
1226 573 2073 5323 1673 5162 735 1063 8828 25202 9021 7841 3385 3940 5395 3549
4748 590 3618 1734 3235 2470 1380 1056 3951 6850 1571 5182 15980 9517 20410 10015
39110 38236 39398 38708 39951 38772 40367 39304 43876 39187 38677 39088 41556 39255 42311 43566
52548 44296 42791 34580 28307 24364 20842 14846 10416 9793 15702 20959 14260 13356 21689 26079
47004 41015 41648 41802 43711 43188 41231 44331 42367 41537 41495 42059 41734 41563 42871 41956
39792 37077 38599 39152 37159 40596 38782 38883 39260 38308 37322 42870 38576 39112 37310 37380
65505 65512 65514 65492 65509 65471 65479 65488 65501 65486 65511 65495 65493 65487 65493 65493
65528 65499 65515 65514 65517 65496 65508 65530 65507 65519 65511 65512 65502 65522 65505 65514
65128 50994 39332 44614 36594 29719 33572 37932 38997 28859 20825 14600 11567 18708 13608 20131
30287 26145 27194 17553 23911 26776 19591 25511 31148 21042 13566 20404 17179 25872 28689 22335
1306 357 1722 6235 1482 2876 1728 516 8816 25679 9743 5781 1890 2733 6707 4024
5623 479 3438 2210 3378 2990 897 2210 4104 6439 1374 4872 15624 8418 22422 7688
41355 40449 40713 40734 41616 40967 41920 40977 45621 41124 40824 41317 43754 41173 43851 45006
53476 56307 53102 40767 32876 24363 20871 14704 10840 7705 14492 12488 11130 20938 14365 12778
50917 44885 45481 46043 48356 44780 44831 46423 45997 45104 44931 45144 44885 44464 45816 44112
43959 40849 41647 41745 41051 43456 42529 41012 42263 41471 40033 46136 41920 42259 40518 40286
65496 65497 65479 65513 65505 65500 65504 65491 65510 65515 65483 65501 65518 65494 65514 65515
65495 65520 65511 65528 65534 65495 65517 65506 65512 65525 65518 65512 65507 65521 65515 65501
65135 51003 39308 27145 17760 22241 19535 25720 29360 35465 40391 34388 29161 19323 26840 19251
34500 28652 22506 18206 16468 13649 19423 26316 22565 17936 21332 28656 22470 18398 15477 22567
2475 600 3539 3329 825 3659 1038 1294 9585 26522 9455 6015 2329 2465 6121 5299
7408 383 3679 598 2740 3151 844 1943 3749 6175 1319 3264 15718 4756 25724 7762
44278 43348 43511 43176 43932 42968 44410 43396 46470 43591 43212 43742 45908 43284 45724 47702
55416 41232 29835 32388 27572 32644 26588 21531 27652 32480 27189 18288 16342 14571 12368 11360
52497 46465 46919 47095 48764 47192 47025 47935 47400 46808 46691 47320 46852 46525 47982 46651
45464 42251 42302 41923 41764 43090 43263 42681 44272 43456 42458 48079 43742 44791 42823 42814
65505 65489 65499 65526 65479 65491 65494 65505 65488 65494 65494 65495 65505 65479 65495 65505
65519 65511 65509 65520 65515 65524 65502 65514 65499 65516 65514 65524 65512 65511 65508 65528
65137 50974 39423 44172 42942 32585 26281 22700 16714 12074 15685 20888 14331 12791 8962 6164
17952 21261 29004 20072 22371 18956 12434 10798 7595 14782 10323 9928 14736 10523 9028 6027
1897 100 3070 1040 462 2974 1011 94 10566 27608 9712 5365 1712 2353 5113 3445
8001 476 831 856 3911 5328 1731 2203 4507 4243 1667 3444 19620 4514 25693 2916
43196 42423 42520 43022 43446 42623 43847 42800 46815 42822 42678 43151 45263 43071 45337 47562
55301 41399 46068 45521 49023 37620 41343 46293 44508 37415 42487 35828 37870 39364 44477 37552
50576 44949 45267 45840 47918 46671 45561 48999 46385 45742 45518 45873 46155 45633 47343 46436
45441 43016 43160 43901 42648 43803 44256 43952 45249 44083 42558 48280 44031 44456 43278 43409
65502 65497 65486 65500 65497 65512 65514 65495 65514 65516 65514 65488 65495 65495 65505 65494
65518 65500 65514 65520 65489 65523 65499 65528 65499 65514 65509 65514 65517 65499 65505 65534
65127 51040 39081 28238 24618 19278 27110 17922 21345 28504 23142 14647 10904 7216 17119 10382
19560 25611 30623 24344 20716 15095 9065 5890 11839 16932 11057 6822 5643 12987 8119 9280
1219 64 935 480 1202 2940 1516 128 10612 30622 10937 6414 461 2365 3865 2718
6176 319 1372 426 3116 3971 1021 770 4907 3391 2188 4089 18293 5840 27766 3629
45073 44561 44647 44971 45099 44611 45512 45196 49079 45024 44739 45159 47483 44839 47542 49806
56852 46452 39369 44455 37615 41453 45788 47735 49676 51643 53784 54683 45222 33031 23625 29164
55049 48593 48696 48895 50801 49920 48977 49428 49702 49347 49744 49356 49672 49306 49864 49399
47324 45145 45375 46108 45681 46092 46219 46127 48865 47896 46166 52566 47595 46805 45859 45927
65496 65512 65507 65494 65504 65486 65516 65505 65512 65491 65495 65495 65511 65497 65488 65500
65516 65489 65528 65489 65504 65511 65511 65495 65495 65523 65524 65509 65505 65524 65514 65503
65111 51100 38791 30528 24772 17966 21155 13086 7819 13780 18777 13250 21974 24545 19638 25198
25118 16321 14372 12508 10501 9113 19275 27177 17626 23565 29144 19400 26546 21332 28635 22609
182 80 4660 263 931 622 500 263 12203 31896 9529 6552 737 3167 1496 2782
2378 358 1772 426 3094 4948 1175 1379 6112 3906 2702 4057 20766 3573 29495 2447
45977 45166 45807 46182 46641 45544 46152 45948 50795 46806 46523 46761 48241 46406 48966 51339
57783 58267 55007 42791 34563 28403 24031 26152 27654 32559 26643 21536 27582 32641 26563 21512
57584 51037 51120 51163 53782 50871 50584 51951 51462 50992 51235 50976 50766 50601 50911 51023
49407 47676 48060 48135 48056 47986 48380 48644 50287 50028 48420 54990 49416 48921 48168 48227
65512 65494 65512 65514 65479 65493 65497 65518 65486 65496 65504 65491 65492 65487 65504 65506
65511 65503 65501 65514 65503 65514 65528 65509 65521 65535 65518 65502 65517 65505 65512 65505
65121 51039 39091 28227 24657 19108 11815 16974 10923 7186 17249 25488 31192 20768 14836 10135
20540 16416 13844 18548 14819 10163 10575 8852 6313 7229 17088 10459 9276 18505 15043 9220
504 135 5191 1267 1591 1417 548 149 13087 33089 9620 4071 977 863 395 1773
1680 305 615 288 4659 6821 762 325 5310 5708 1023 2807 19730 5072 25448 614
45684 45192 45600 46056 46211 45392 46579 45812 49118 45633 45520 45817 47641 45849 48382 51069
57704 58771 48452 41127 30084 31106 21656 27249 34312 29564 34438 29136 20180 18284 16348 14525
57742 52118 52533 52350 53590 52535 52479 53171 52753 52028 52164 51768 51839 50908 51382 51431
48786 47503 47540 47571 47655 47940 48661 47755 49744 48575 47476 53137 48896 48139 47204 47238
65494 65481 65497 65512 65502 65495 65496 65511 65502 65515 65505 65511 65503 65486 65505 65479
65493 65495 65515 65511 65515 65516 65509 65515 65509 65520 65511 65511 65531 65523 65520 65512
65137 50955 39569 43440 47601 50318 47520 50719 41408 45957 45946 45990 45799 47395 51382 37264
33160 22747 16531 13358 21532 27528 32800 24657 19144 11628 17866 21775 25713 30129 30790 22953
70 63 526 72 149 1136 333 28 15124 38663 10958 1652 53 697 737 538
2634 451 454 443 519 728 330 417 3980 9379 1720 4358 30268 532 21360 662
57900 57875 57755 58008 57623 57983 57940 58748 58762 58846 59038 59576 58916 58731 58657 63926
65535 60856 49843 51136 38878 29434 35207 25007 17106 11146 20886 14668 10956 7431 16284 14799
63703 60617 60081 61368 61314 61558 61567 61574 62225 62048 61817 61909 61911 62076 62468 62779
61607 62215 62417 62168 62347 61759 61845 61767 62433